################################################################################
# Collectl:   V4.0.4-1  HiRes: 1  Options: -P -ou -R 80s -f/tmp/cops2_2 
# Host:       node-2  DaemonOpts: 
# Booted:     1495646150.12 [20170524-11:15:50]
# Distro:     debian stretch/sid, Ubuntu 16.04.1 LTS  Platform: 
# Date:       20170524-134548  Secs: 1495655148 TZ: -0600
# SubSys:     cdn Options: u Interval: 1 NumCPUs: 2 [HYPER] NumBud: 0 Flags: i
# Filters:    NfsFilt:  EnvFilt:  TcpFilt: ituc
# HZ:         100  Arch: x86_64-linux-gnu-thread-multi PageSize: 4096
# Cpu:        GenuineIntel Speed(MHz): 2992.701 Cores: 1  Siblings: 2 Nodes: 1
# Kernel:     4.4.0-45-generic  Memory: 1916728 kB  Swap: 3145724 kB
# NumDisks:   2 DiskNames: sdb sda
# NumNets:    7 NetNames: enp10s3f0:?? lo:?? enp6s7:100 enp9s4f0:1000 enp10s3f1:?? enp7s8:?? enp9s4f1:??
# SCSI:       CD:0:00:00:00 DA:2:00:00:00 DA:2:00:01:00 PR:2:00:06:00
################################################################################
#Date Time [CPU]User% [CPU]Nice% [CPU]Sys% [CPU]Wait% [CPU]Irq% [CPU]Soft% [CPU]Steal% [CPU]Idle% [CPU]Totl% [CPU]Guest% [CPU]GuestN% [CPU]Intrpt/sec [CPU]Ctx/sec [CPU]Proc/sec [CPU]ProcQue [CPU]ProcRun [CPU]L-Avg1 [CPU]L-Avg5 [CPU]L-Avg15 [CPU]RunTot [CPU]BlkTot [NET]RxPktTot [NET]TxPktTot [NET]RxKBTot [NET]TxKBTot [NET]RxCmpTot [NET]RxMltTot [NET]TxCmpTot [NET]RxErrsTot [NET]TxErrsTot [DSK]ReadTot [DSK]WriteTot [DSK]OpsTot [DSK]ReadKBTot [DSK]WriteKBTot [DSK]KbTot [DSK]ReadMrgTot [DSK]WriteMrgTot [DSK]MrgTot
20170524 13:45:50 3 0 1 0 0 0 0 96 4 0 0 441 779 4 287 1 1.06 0.74 0.43 1 0 120 115 23 19 0 0 0 0 0 0 0 0 0 0 0 0 0 0
20170524 13:45:51 50 0 3 0 0 1 0 46 54 0 0 1767 3798 38 325 3 1.06 0.74 0.43 3 0 491 485 115 149 0 0 0 0 0 0 0 0 0 0 0 0 0 0
20170524 13:45:52 91 0 4 0 0 1 0 4 96 0 0 1683 2590 0 325 2 1.06 0.74 0.43 1 0 381 366 109 233 0 0 0 0 0 0 4 4 0 56 56 0 10 10
20170524 13:45:53 46 0 4 0 0 3 0 48 52 0 0 1740 3645 0 325 1 1.06 0.74 0.43 1 0 538 532 164 375 0 0 0 0 0 0 0 0 0 0 0 0 0 0
20170524 13:45:54 35 0 4 0 0 1 0 61 39 0 0 1729 3837 0 325 0 1.21 0.78 0.44 1 0 608 594 179 407 0 0 0 0 0 0 0 0 0 0 0 0 0 0
20170524 13:45:55 38 0 4 0 0 2 0 57 43 0 0 1751 3878 0 325 1 1.21 0.78 0.44 2 0 626 622 154 425 0 0 0 0 0 0 0 0 0 0 0 0 0 0
20170524 13:45:56 79 0 6 1 0 2 0 13 86 0 0 1936 3751 0 325 3 1.21 0.78 0.44 3 0 517 503 184 383 0 0 0 0 0 0 25 25 0 2668 2668 0 617 617
20170524 13:45:57 50 0 4 0 0 1 0 46 54 0 0 1938 3698 0 325 0 1.21 0.78 0.44 1 0 554 542 170 389 0 0 0 0 0 0 4 4 0 768 768 0 7 7
20170524 13:45:58 79 0 3 0 0 1 0 16 84 0 0 1880 3955 0 325 2 1.21 0.78 0.44 3 0 575 568 189 418 0 1 0 0 0 0 0 0 0 0 0 0 0 0
20170524 13:45:59 88 0 6 0 0 2 0 5 95 0 0 2255 3781 0 325 3 1.28 0.80 0.45 3 0 607 590 207 442 0 0 0 0 0 0 0 0 0 0 0 0 0 0
20170524 13:46:00 92 0 6 0 0 1 0 0 100 0 0 2467 3588 0 325 4 1.28 0.80 0.45 4 0 633 623 201 452 0 0 0 0 0 0 0 0 0 0 0 0 0 0
20170524 13:46:01 90 0 8 0 0 1 0 1 99 0 0 2083 3412 0 325 3 1.28 0.80 0.45 3 0 545 528 180 392 0 0 0 0 0 0 0 0 0 0 0 0 0 0
20170524 13:46:02 92 0 7 0 0 1 0 0 100 0 0 2578 4009 0 325 3 1.28 0.80 0.45 3 0 661 650 204 484 0 0 0 0 0 0 2 2 0 32 32 0 6 6
20170524 13:46:03 94 0 3 0 0 3 0 1 99 0 0 2692 3686 0 325 4 1.28 0.80 0.45 4 0 556 558 162 415 0 0 0 0 0 0 0 0 0 0 0 0 0 0
20170524 13:46:04 94 0 4 0 0 2 0 0 100 0 0 2932 4021 0 325 4 1.49 0.85 0.47 3 0 748 736 216 502 0 0 0 0 0 0 1 1 0 20 20 0 0 0
20170524 13:46:05 76 0 5 0 0 2 0 17 83 0 0 2733 5207 0 325 2 1.49 0.85 0.47 2 0 837 830 241 598 0 0 0 0 0 0 0 0 0 0 0 0 0 0
20170524 13:46:06 86 0 7 0 0 2 0 6 94 0 0 2957 4498 0 325 1 1.49 0.85 0.47 0 0 846 836 233 570 0 0 0 0 0 0 0 0 0 0 0 0 0 0
20170524 13:46:07 76 0 5 2 0 1 0 16 82 0 0 3018 5000 0 325 1 1.49 0.85 0.47 1 0 898 904 272 664 0 0 0 0 0 0 4 4 0 1772 1772 0 5 5
20170524 13:46:08 34 0 5 0 0 3 0 59 41 0 0 2333 5880 0 325 1 1.49 0.85 0.47 1 0 998 995 299 716 0 0 0 0 0 0 0 0 0 0 0 0 0 0
20170524 13:46:09 88 0 4 0 0 2 0 5 95 0 0 2988 4802 0 325 3 1.54 0.87 0.48 3 0 882 876 233 608 0 0 0 0 0 0 0 0 0 0 0 0 0 0
20170524 13:46:10 76 0 7 0 0 3 0 15 85 0 0 2674 5672 0 325 3 1.54 0.87 0.48 3 0 947 940 279 692 0 0 0 0 0 0 0 0 0 0 0 0 0 0
20170524 13:46:11 48 0 5 0 0 2 0 46 54 0 0 2676 5404 0 325 1 1.54 0.87 0.48 1 0 1016 1001 285 715 0 0 0 0 0 0 0 0 0 0 0 0 0 0
20170524 13:46:12 76 0 6 1 0 2 0 15 84 0 0 2945 6291 0 325 3 1.54 0.87 0.48 3 0 1004 995 332 708 0 0 0 0 0 0 2 2 0 24 24 0 4 4
20170524 13:46:13 92 0 6 0 0 2 0 0 100 0 0 3992 5389 0 325 5 1.54 0.87 0.48 5 0 1059 1049 386 890 0 0 0 0 0 0 0 0 0 0 0 0 0 0
20170524 13:46:14 87 0 10 0 0 4 0 0 100 0 0 4390 5919 0 325 3 1.65 0.91 0.49 3 0 1193 1188 406 963 0 0 0 0 0 0 0 0 0 0 0 0 0 0
20170524 13:46:15 72 0 8 0 0 3 0 17 83 0 0 3943 6659 0 325 1 1.65 0.91 0.49 1 0 1318 1324 435 1006 0 0 0 0 0 0 0 0 0 0 0 0 0 0
20170524 13:46:16 38 0 6 4 0 4 0 47 48 0 0 3404 8984 0 325 2 1.65 0.91 0.49 3 0 1610 1640 499 1202 0 0 0 0 0 0 25 25 0 2688 2688 0 627 627
20170524 13:46:17 37 0 8 2 0 2 0 50 48 0 0 3958 8871 0 325 1 1.65 0.91 0.49 1 0 1661 1660 528 1172 0 0 0 0 0 0 7 7 0 2988 2988 0 7 7
20170524 13:46:18 54 0 9 0 0 3 0 34 66 0 0 3386 7917 0 325 4 1.65 0.91 0.49 3 0 1516 1517 506 1128 0 0 0 0 0 0 0 0 0 0 0 0 0 0
20170524 13:46:19 68 0 9 1 0 2 0 21 79 0 0 3792 7278 0 325 2 1.52 0.89 0.49 3 0 1440 1425 472 1040 0 0 0 0 0 0 15 15 0 76 76 0 4 4
20170524 13:46:20 54 0 8 0 0 4 0 35 65 0 0 3648 8774 0 325 9 1.52 0.89 0.49 9 0 1618 1596 505 1158 0 0 0 0 0 0 0 0 0 0 0 0 0 0
20170524 13:46:21 74 0 10 0 0 4 0 13 87 0 0 4525 8779 0 325 5 1.52 0.89 0.49 2 0 1730 1692 593 1251 0 0 0 0 0 0 0 0 0 0 0 0 0 0
20170524 13:46:22 53 0 9 1 0 3 0 34 65 0 0 4609 11016 0 325 2 1.52 0.89 0.49 1 0 2164 2157 755 1608 0 0 0 0 0 0 5 5 0 72 72 0 13 13
20170524 13:46:23 49 0 9 0 0 4 0 38 62 0 0 4349 11708 3 325 4 1.52 0.89 0.49 4 0 2164 2180 714 1626 0 0 0 0 0 0 0 0 0 0 0 0 0 0
20170524 13:46:24 33 0 9 0 0 4 0 54 46 0 0 5165 13692 0 325 2 1.48 0.89 0.49 2 0 2733 2734 828 2008 0 0 0 0 0 0 4 4 0 3816 3816 0 1 1
20170524 13:46:25 63 3 12 4 0 2 0 16 80 0 0 5523 10659 1 325 7 1.48 0.89 0.49 5 0 2198 2166 734 1601 0 0 0 0 0 0 27 27 0 3224 3224 0 755 755
20170524 13:46:26 72 10 13 0 0 5 0 0 100 0 0 5408 7678 0 325 4 1.48 0.89 0.49 3 0 1759 1754 567 1344 0 0 0 0 0 0 0 0 0 0 0 0 0 0
20170524 13:46:27 63 19 11 0 0 3 0 4 96 0 0 5084 8800 0 325 3 1.48 0.89 0.49 3 0 1822 1765 657 1315 0 0 0 0 0 0 11 11 0 3120 3120 0 389 389
20170524 13:46:28 75 10 10 0 0 4 0 0 100 0 0 5454 7848 0 325 4 1.48 0.89 0.49 4 0 1905 1867 680 1446 0 1 0 0 0 0 0 0 0 0 0 0 0 0
20170524 13:46:29 70 15 10 0 0 5 0 1 99 0 0 4849 7047 0 325 3 1.52 0.91 0.50 3 0 1718 1660 647 1264 0 0 0 0 0 0 1 1 0 4 4 0 0 0
20170524 13:46:30 69 11 12 2 0 4 0 2 96 0 0 5119 9129 0 325 5 1.52 0.91 0.50 5 0 1893 1870 648 1372 0 0 0 0 0 0 36 36 0 9140 9140 0 2234 2234
20170524 13:46:31 62 3 9 0 0 3 0 22 78 0 0 6380 11399 0 325 1 1.52 0.91 0.50 1 0 2405 2415 815 1832 0 0 0 0 0 0 0 0 0 0 0 0 0 0
20170524 13:46:32 44 0 11 0 0 4 0 42 58 0 0 5695 14410 0 325 1 1.52 0.91 0.50 1 0 2941 2939 1033 2310 0 0 0 0 0 0 0 0 0 0 0 0 0 0
20170524 13:46:33 39 0 11 5 0 4 0 41 54 0 0 5456 14630 0 325 1 1.52 0.91 0.50 1 0 2866 2865 947 2115 0 0 0 0 0 1 28 29 4 3316 3320 0 786 786
20170524 13:46:34 52 0 9 0 0 5 0 34 66 0 0 5129 14789 0 325 1 1.72 0.96 0.52 0 0 2593 2581 827 1802 0 0 0 0 0 0 1 1 0 20 20 0 0 0
20170524 13:46:35 35 0 8 0 0 6 0 52 48 0 0 5186 14042 0 325 1 1.72 0.96 0.52 2 0 2780 2770 917 2013 0 0 0 0 0 0 0 0 0 0 0 0 0 0
20170524 13:46:36 27 0 12 1 0 3 0 57 42 0 0 5790 16027 0 325 1 1.72 0.96 0.52 1 0 3078 3131 1009 2196 0 0 0 0 0 0 0 0 0 0 0 0 0 0
20170524 13:46:37 34 0 9 4 0 4 0 49 47 0 0 5753 15919 0 325 1 1.72 0.96 0.52 1 0 3128 3119 1093 2351 0 0 0 0 0 0 13 13 0 7164 7164 0 10 10
20170524 13:46:38 43 0 9 0 0 4 0 44 56 0 0 5180 13683 0 325 1 1.72 0.96 0.52 1 0 2672 2661 864 1963 0 0 0 0 0 0 0 0 0 0 0 0 0 0
20170524 13:46:39 42 0 11 6 0 4 0 37 58 0 0 5614 14585 0 325 2 1.74 0.98 0.53 1 0 2837 2816 985 2070 0 0 0 0 0 0 27 27 0 3464 3464 0 818 818
20170524 13:46:40 46 0 6 1 0 3 0 44 56 0 0 5012 12917 0 325 2 1.74 0.98 0.53 2 0 2541 2531 818 1781 0 0 0 0 0 0 0 0 0 0 0 0 0 0
20170524 13:46:41 35 0 8 0 0 4 0 52 48 0 0 5538 14916 0 325 2 1.74 0.98 0.53 2 0 2996 2993 1020 2175 0 0 0 0 0 0 0 0 0 0 0 0 0 0
20170524 13:46:42 31 0 10 0 0 4 0 55 45 0 0 5679 15366 0 325 1 1.74 0.98 0.53 2 0 3094 3067 1057 2272 0 0 0 0 0 0 0 0 0 0 0 0 0 0
20170524 13:46:43 37 0 7 0 0 4 0 51 49 0 0 5174 14228 0 325 1 1.74 0.98 0.53 1 0 2872 2838 1042 2108 0 0 0 0 0 0 0 0 0 0 0 0 0 0
20170524 13:46:44 30 0 9 1 0 5 0 56 43 0 0 5644 15513 0 325 1 1.60 0.96 0.53 1 0 3103 3149 1019 2357 0 0 0 0 0 0 3 3 0 52 52 0 10 10
20170524 13:46:45 52 4 11 5 0 5 0 24 70 0 0 4854 12103 0 325 4 1.60 0.96 0.53 4 0 2270 2246 728 1633 0 0 0 0 0 0 27 27 0 3660 3660 0 864 864
20170524 13:46:46 67 17 12 0 0 4 0 0 100 0 0 5775 8247 0 325 4 1.60 0.96 0.53 3 0 2151 2105 733 1623 0 0 0 0 0 0 0 0 0 0 0 0 0 0
20170524 13:46:47 46 24 13 7 0 5 0 5 88 0 0 6135 10931 0 325 2 1.60 0.96 0.53 2 0 2049 1996 764 1517 0 0 0 0 0 0 33 33 0 16104 16104 0 2045 2045
20170524 13:46:48 39 8 13 5 0 3 0 32 64 0 0 5605 14115 0 325 1 1.60 0.96 0.53 1 0 2707 2731 914 2029 0 0 0 0 0 0 24 24 0 3196 3196 0 758 758
20170524 13:46:49 25 0 11 0 0 4 0 60 40 0 0 6097 17466 0 325 2 1.79 1.02 0.54 2 0 3479 3456 1189 2623 0 0 0 0 0 0 0 0 0 0 0 0 0 0
20170524 13:46:50 36 0 9 0 0 4 0 51 49 0 0 5802 16667 4 325 3 1.79 1.02 0.54 1 0 3152 3149 1034 2327 0 0 0 0 0 0 0 0 0 0 0 0 0 0
20170524 13:46:51 37 0 11 5 0 4 0 42 52 0 0 5749 16133 2 325 2 1.79 1.02 0.54 4 0 3026 3078 899 2348 0 0 0 0 0 0 26 26 0 3388 3388 0 796 796
20170524 13:46:52 35 0 8 0 0 4 0 53 47 0 0 4942 14168 0 325 4 1.79 1.02 0.54 3 0 2684 2704 760 2033 0 0 0 0 0 0 0 0 0 0 0 0 0 0
20170524 13:46:53 71 0 11 0 0 4 0 14 86 0 0 5208 14876 0 325 2 1.79 1.02 0.54 2 0 2246 2295 596 1623 0 0 0 0 0 0 0 0 0 0 0 0 0 0
20170524 13:46:54 51 0 12 0 0 3 0 34 66 0 0 5495 15693 0 325 1 1.81 1.03 0.55 1 0 2646 2680 758 2018 0 0 0 0 0 0 32 32 0 5452 5452 0 5 5
20170524 13:46:55 38 0 8 0 0 4 0 51 49 0 0 5157 14340 0 325 1 1.81 1.03 0.55 2 0 2823 2863 847 2227 0 0 0 0 0 0 0 0 0 0 0 0 0 0
20170524 13:46:56 27 0 9 1 0 4 0 60 39 0 0 5889 16516 0 325 1 1.81 1.03 0.55 1 0 3231 3304 937 2575 0 0 0 0 0 0 3 3 0 52 52 0 10 10
20170524 13:46:57 37 0 9 2 0 4 0 48 49 0 0 6154 15495 0 325 1 1.81 1.03 0.55 1 0 3046 3111 843 2412 0 0 0 0 0 0 5 5 0 2540 2540 0 4 4
20170524 13:46:58 43 0 9 5 0 4 0 39 55 0 0 5402 14446 0 325 2 1.81 1.03 0.55 1 0 2705 2758 782 2038 0 1 0 0 0 0 27 27 0 3704 3704 0 883 883
20170524 13:46:59 16 0 3 0 0 2 0 80 20 0 0 2883 7954 0 325 0 1.75 1.03 0.56 0 0 1521 1577 460 1239 0 0 0 0 0 0 0 0 0 0 0 0 0 0
20170524 13:47:00 0 0 0 0 0 0 0 99 1 0 0 174 291 0 325 1 1.75 1.03 0.56 1 0 21 6 1 1 0 0 0 0 0 0 0 0 0 0 0 0 0 0
20170524 13:47:01 8 0 1 0 0 0 0 92 8 0 0 240 348 0 325 0 1.75 1.03 0.56 0 0 22 6 2 1 0 0 0 0 0 0 0 0 0 0 0 0 0 0
20170524 13:47:02 0 0 0 0 0 0 0 100 0 0 0 144 247 0 325 0 1.75 1.03 0.56 0 0 14 6 1 1 0 0 0 0 0 0 0 0 0 0 0 0 0 0
20170524 13:47:03 0 0 0 2 0 0 0 98 0 0 0 130 233 0 325 0 1.75 1.03 0.56 0 0 9 6 1 1 0 0 0 0 0 0 3 3 0 40 40 0 7 7
20170524 13:47:04 0 0 0 0 0 0 0 99 1 0 0 157 269 0 325 0 1.61 1.01 0.55 0 0 17 8 2 1 0 0 0 0 0 0 1 1 0 20 20 0 0 0
20170524 13:47:05 1 0 0 0 0 0 0 99 1 0 0 172 293 0 325 0 1.61 1.01 0.55 0 0 24 8 2 1 0 0 0 0 0 0 0 0 0 0 0 0 0 0
20170524 13:47:06 0 0 0 0 0 0 0 100 0 0 0 159 259 0 325 0 1.61 1.01 0.55 0 0 15 6 1 1 0 0 0 0 0 0 0 0 0 0 0 0 0 0
20170524 13:47:07 0 0 0 2 0 0 0 98 0 0 0 144 331 0 325 0 1.61 1.01 0.55 0 0 13 6 1 1 0 0 0 0 0 0 2 2 0 1172 1172 0 1 1
